Returns,Volatility,AAPL weight,MSFT weight,TSLA weight,AMZN weight,Sharpe
-0.05953706778948516,0.4081093908404379,0.2381996453763814,0.23392565387033035,0.3968269615274518,0.13104773922583632,-0.1458850718109618
-0.05959067393801793,0.34236027945870934,0.31057195883760313,1.7637750763211365e-05,0.20048887183093828,0.48892153158069535,-0.17405837509022398
-0.021886866010865764,0.32854093393921313,0.38372331455791275,0.30495954079216386,0.18494917466637595,0.12636796998354746,-0.06661838373818979
0.046639185022952154,0.29188995183544864,0.12263143816789271,0.6790608824986563,0.10390291074281784,0.09440476859063336,0.15978345513327138
-0.016311578395102878,0.31146673766027544,0.4732756106731437,0.2721860250643023,0.10519628583446122,0.14934207842809286,-0.05237020979394058
-0.08720711880870373,0.4408828145778011,0.20367576358425585,0.08464857124682208,0.46162402679423,0.25005163837469196,-0.19780112974513453
-0.04276244525266876,0.3764989630643548,0.13861274535411178,0.2581465055679615,0.33274884221670104,0.2704919068612257,-0.11357918466659732
-0.08134546221279515,0.41997956571559597,0.029407773302571702,0.019947775199245305,0.4132698527706742,0.5373745987275087,-0.19368909550204427
-0.031073103311891483,0.3898970381888617,0.11116146332582207,0.3933685663688581,0.37037021996820885,0.12509975033711088,-0.0796956639020172
-0.05562554459306478,0.34753412980531573,0.40882667692327185,0.08383215751086055,0.2189883433678855,0.28835282219798203,-0.16005778950178365
0.0360548074239637,0.2842805442031061,0.3671312660634462,0.5549077480145661,0.020339445875007172,0.05762154004698058,0.12682826228939573
0.007724557895857499,0.31118138127951134,0.13820754978962013,0.4526060740908879,0.16820195817829353,0.24098441794119843,0.02482332928819767
-0.004864376125416822,0.30022706200066096,0.19808009511190838,0.28964776077184107,0.1076426904148961,0.4046294537013545,-0.016202323977730273
-0.023942254092176457,0.3254220022120886,0.09143364089548989,0.20971256009917183,0.18825720814903307,0.5105965908563053,-0.0735729419935548
-0.033866971993835274,0.37038503020115915,0.26468485305170175,0.33934963659555045,0.3123726887619385,0.08359282159080934,-0.09143720515767563
-0.09607049111935927,0.47024212085554407,0.19726455669444498,0.0903712713669904,0.5227442008780349,0.1896199710605298,-0.20430005492611247
0.013681086693633925,0.32893648312192575,0.11944040155759661,0.5673689569629111,0.22386663251293298,0.08932400896655919,0.04159187987841046
0.011034531974840271,0.31550560412334444,0.06536639107649593,0.4821471153494347,0.1863638761965415,0.2661226173775278,0.03497412353577849
-0.025011171402216984,0.32538833547153945,0.4963253180924105,0.2652486388478828,0.1490475570207401,0.0893784860389667,-0.07686560541874317
-0.003113147002223646,0.32596601299603845,0.015828481690676743,0.3861634911869058,0.2112931334884996,0.3867148936339178,-0.009550526368101699
-0.02214830669067968,0.32947207132990364,0.2941212326579412,0.2977608424480136,0.20066812473737397,0.20744980015667117,-0.06722362414901736
-0.02147952677811921,0.3321351966051145,0.21143977361209645,0.30049508238240574,0.21674403450377822,0.2713211095017195,-0.06467103455963104
-0.07610942203525231,0.39323500084216845,0.24856425954854086,0.041324077203392436,0.3490624317565775,0.3610492314914893,-0.1935469169129228
-0.0969162995509724,0.43814625365603493,0.3436978785796767,0.019912667833071437,0.44144247336159914,0.1949469802256527,-0.22119623012241063
-0.02522405784769915,0.33932413724300226,0.422811896057937,0.3211491748497145,0.20970746698850587,0.04633146210384268,-0.07433617323142354
-0.03452731927636945,0.371155122994553,0.33329616900931414,0.34524159195546655,0.3059977754080921,0.015464463627127103,-0.09302665418651965
-0.07818374825057625,0.39163422331874226,0.43100439650506306,0.05032660778011348,0.3289464845866474,0.18972251112817598,-0.19963461718958167
0.0072429918112325515,0.30307559623747493,0.39930308309922835,0.43402809436933015,0.09958048313464829,0.06708833939679325,0.023898300955769808
-0.06760208894405839,0.3811996267054102,0.24323185017909907,0.07555932102547717,0.3236244668003606,0.357584361995063,-0.17734038600279392
-0.07556702561073024,0.38786577318533316,0.6347485162305774,0.07301651689270408,0.28547436668288695,0.006760600193831624,-0.19482777505769294
-0.03190178693115165,0.34311591483090087,0.22722980860320438,0.25447454866091157,0.24272442288591087,0.2755712198499732,-0.09297670423382702
0.018555086172100558,0.28337343529601766,0.35307905529792327,0.40022884162662115,0.013027559386823628,0.2336645436886318,0.06547927173454893
-0.08924539788238584,0.41642889364223573,0.3810223107891328,0.026670184280447037,0.39062748865865193,0.20168001627176824,-0.2143112527610986
-0.05272789299653844,0.440668734347371,0.07818167768314646,0.3489728343397348,0.47837281585362124,0.0944726721234975,-0.11965426381934784
0.026021910691137316,0.2818075022042168,0.0708188031707467,0.4086289817026983,0.03484931945969093,0.4857028956668641,0.09233931136538756
-0.05647356732373942,0.46195118170018973,0.07477584651286338,0.3733074528553688,0.5212951652400051,0.030621535391762753,-0.1222500765468141
-0.06346528505329041,0.3909453485698068,0.15495410449977973,0.12583370112663883,0.3560400487339052,0.36317214563967615,-0.1623379975883205
0.006076691945533038,0.3263326249107689,0.2550484903349978,0.5166485068097961,0.20235656665303448,0.025946436202171526,0.018621159766647983
-0.04280279447038999,0.3428819461435333,0.2038332822372514,0.14567506483927173,0.23176103310510032,0.4187306198183766,-0.12483245312797069
-0.07604479173859205,0.403223113954849,0.38809771855343506,0.10178557359300706,0.3647893075650893,0.14532740028846858,-0.18859234281670464
-0.039556022860828516,0.3534773338876575,0.1449096196836782,0.20514115301565067,0.27039527389907875,0.37955395340159226,-0.11190540119158035
-0.014237988167202476,0.3263571853166575,0.28450666600080093,0.3525877876020433,0.19580995257404057,0.16709559382311523,-0.04362700993816838
-0.061946479882643464,0.36313292734954417,0.3354266781248413,0.07878070228963,0.27061319430856356,0.31517942527696524,-0.17058899157061314
-0.008812299639913137,0.35681087117395915,0.12667984909835084,0.47912557117254456,0.2943872193349547,0.09980736039414985,-0.024697396721460315
-0.012995036065786251,0.34041118057064396,0.06393485458138033,0.37209171338105274,0.2515095246324006,0.31246390740516633,-0.038174527769629034
-0.0650316077922404,0.3731407266171756,0.30218755617529075,0.08247677944301587,0.30000571699801115,0.3153299473836822,-0.17428172041632886
-0.04378195259862216,0.35050403103198197,0.31961902481051035,0.193215390639509,0.2492203043706637,0.237945280179317,-0.12491140963405138
-0.024447503058965835,0.3248518743289358,0.306607755576602,0.2586666417246927,0.18205424549150218,0.25267135720720313,-0.075257386491823
-0.03835489747363673,0.3465957111859468,0.32487771762489887,0.22732912490117035,0.24058058773584798,0.20721256973808277,-0.1106617774997785
-0.03998946441629612,0.37210394494609034,0.06667870531005775,0.2479346022158528,0.3233345887879972,0.36205210368609225,-0.10746853119788803
-0.038307507656237375,0.3788081772113273,0.008662405117337247,0.26827035475963407,0.3412855100556553,0.38178173006737337,-0.10112640106727845
-0.04033385621337153,0.35484240327636907,0.09473764715681289,0.18775934400741107,0.2728163554437281,0.44468665339204794,-0.11366695705179716
-0.008978072822976508,0.3172070983250504,0.004070757565835021,0.27831560112406734,0.16709694715571338,0.5505166941543842,-0.028303505408244185
-0.08114354904042345,0.4053387333358046,0.394737119340581,0.0648253065380106,0.36657124958005743,0.17386632454135093,-0.20018700994261934
-0.07335985720718247,0.4297792628867511,0.34035732394216256,0.19698589739169695,0.4320963125577744,0.030560466108366196,-0.17069194245072997
-0.024488623441241024,0.3223610604240986,0.34198432170067977,0.25105971509357905,0.16867189690428433,0.23828406630145688,-0.07596644398992781
-0.02166755622846682,0.33131478194528063,0.04387753574071899,0.24439640297094556,0.21130668422498014,0.5004193770633554,-0.0653987005990134
-0.014132049172711783,0.3283513106867431,0.04979240284419024,0.30609401899233607,0.2106912629056239,0.4334223152578498,-0.04303941757733435
0.0025032377604136393,0.32889285718411676,0.006212851726956743,0.44579218928175957,0.2244565103020285,0.323538448689255,0.007611104059375505
-0.028902934924343607,0.3302104244405835,0.44678820862307744,0.25372474046482696,0.17528229203033185,0.12420475888176376,-0.08752883853775568
-0.04304103047310236,0.3502787148546585,0.24541307229876852,0.18527611401464017,0.25473716969499577,0.31457364399159554,-0.12287652274549829
0.0012762338997286725,0.28913422211062495,0.30708495951988274,0.28103072886908054,0.03876851041754168,0.37311580119349497,0.004413984240303369
0.014972708064091088,0.28217337730719694,0.26750016122227244,0.3513292620788362,0.016347775931176832,0.3648228007677145,0.0530620861789898
-0.048234137340298786,0.3783840305746767,0.1964074715130924,0.2299015437090621,0.3323738653002925,0.241317119477553,-0.12747403019900821
0.014796689184811078,0.29714424457651206,0.43014872260282944,0.45999059136259485,0.06576210303635162,0.044098582998224084,0.04979631762984075
-0.06867548645928012,0.3827949326402298,0.3038511643977382,0.08468552290876945,0.32407898864392526,0.28738432404956715,-0.17940542207705987
-0.07057307982924932,0.38203158654610275,0.376833278134672,0.07749447341493941,0.31435099923247745,0.23132124921791106,-0.18473100736850384
0.02073251063929283,0.29521568634173484,0.47094438908158526,0.4870048661501984,0.0406668511415578,0.0013838936266587403,0.07022835031636278
0.02494639091403937,0.28027435710609705,0.2031685099942127,0.4306144536789036,0.02952413367048637,0.3366929026563973,0.08900704000043781
0.008803332889775785,0.31392494565531803,0.1061747301075925,0.46658378462748384,0.17930222565960435,0.24793925960531935,0.028042794978904387
0.004933001607450404,0.30218818498780053,0.4190992690323711,0.4088817454368663,0.09021171050299501,0.0818072750277677,0.01632427028094944
-0.06463259061527571,0.4037675482152191,0.19661844947211704,0.16806794796205646,0.3868286040297816,0.24848499853604486,-0.16007376249273203
-0.05616642633374069,0.34266130811798645,0.4258826261074202,0.057752601521324165,0.19846337482413895,0.3179013975471166,-0.16391236770274994
-0.06332261875049225,0.41061420104951457,0.31061598983630806,0.22169035623751157,0.39510138926222443,0.07259226466395602,-0.15421439051216934
-0.04936931197092627,0.42105095771329815,0.008545270211786813,0.3048239657235573,0.43857001592935335,0.24806074813530257,-0.1172525820604897
-0.019457548460924963,0.31339882808072456,0.27995003572310345,0.24374834918610827,0.14524208566903876,0.3310595294217495,-0.062085581430167736
-0.044254940086222556,0.3492451986958667,0.288696186887073,0.1786539215893407,0.247697823215911,0.2849520683076753,-0.1267159584483253
0.02469082354503265,0.2934737762246192,0.4432890351010338,0.5131492290474323,0.04224836676485151,0.0013133690866824201,0.08413298067945522
-0.0049114486029300875,0.30852769307986194,0.17630526353400106,0.33446603557784793,0.14735445591427412,0.34187424497387675,-0.01591898786751297
-0.09672120099189842,0.5052201057846215,0.0032095508938917187,0.13127878197548926,0.6009846447433714,0.2645270223872477,-0.1914436893632481
1.6713512986377566e-05,0.30688310163770927,0.3071789301430243,0.39134752833745334,0.13187428184886213,0.1695992596706603,5.446214828116765e-05
-0.042300834713588926,0.39089239572006673,0.2382545589020262,0.32763592807564873,0.3617268221272123,0.07238269089511268,-0.10821605939830613
-0.04986614538905944,0.40689778587863845,0.27266314890332893,0.31700608750348647,0.39315691148261234,0.017173852110572357,-0.1225520194989032
0.0015471882574188524,0.2988377346795728,0.33913617925956113,0.3629009657064854,0.09333011553660134,0.20463273949735203,0.005177352381812882
-0.036490435922841485,0.35166064636628147,0.23805615450453926,0.24842124270386237,0.2642954719252794,0.24922713086631884,-0.10376604917239987
-0.033567877440093125,0.3356759957190013,0.14212898419500627,0.18391751440935494,0.21724565282714978,0.456707848568489,-0.10000082778690325
-0.06891223734838267,0.37916513857035655,0.2754840307207433,0.06328550645441892,0.31523644526089006,0.34599401756394776,-0.1817472925074718
0.012495770141667037,0.28529262531677096,0.22055272299184642,0.35383391442189993,0.04403205771853593,0.38158130486771763,0.043799835792434245
-0.03877404768362108,0.3407360986515947,0.32176505240189884,0.199522408162109,0.22238478789814517,0.256327751537847,-0.11379495109870306
-0.07229464601947765,0.40453983979786956,0.367981421503534,0.13557330262316913,0.37192380136530584,0.12452147450799081,-0.17870834688519194
0.008281935782390606,0.28969447566474626,0.18827578698915146,0.3425202675501838,0.06865277086625249,0.40055117459441225,0.02858851817379843
0.04179795429791248,0.2862298950857427,0.27748757892550874,0.62147706631436,0.055629251441173526,0.045406103318957766,0.14602931075872255
-0.11162820425456232,0.5237896239081233,0.11828624878689843,0.0825560271946769,0.631076259896407,0.16808146412201758,-0.2131164863894722
-0.03112943364452492,0.3602760253199853,0.14065084137108375,0.3053174493930557,0.2961946507465838,0.2578370584892768,-0.08640439956246543
-0.015049877020554187,0.35748014636565784,0.09915901784741352,0.4238493846558822,0.2966082648924036,0.18038333260430064,-0.04209989610209018
-0.004722250829193876,0.3034755620880803,0.31477771362912876,0.3317366863684,0.11369361748872403,0.23979198251374736,-0.01556056374589825
-0.04748734370052602,0.3471277897426387,0.38198422436735807,0.15469970858008655,0.22888576793928686,0.23443029911326863,-0.13680075494887126
0.015771181176563145,0.28448484144692837,0.24529662135945232,0.38528692816616017,0.0424842600464593,0.32693219042792826,0.05543768552429291
-0.0579001962876442,0.3729482497708295,0.34259406224135014,0.15352670969978166,0.30157495804580076,0.2023042700130674,-0.1552499477426772
0.008930851942225197,0.29799530289133513,0.43318385845795004,0.416642222242254,0.06818200581851488,0.0819919134812811,0.02996977420641378
-0.008639094814721105,0.32558089397295364,0.08633967942913036,0.35710452497957185,0.20783834050093072,0.348717455090367,-0.026534403506609832
-0.07214041274950693,0.4072165468445525,0.36356497769190693,0.144530998198871,0.37885417986779846,0.11304984424142368,-0.17715491501637143
-0.04525166110502256,0.4123409443442936,0.18495756272135883,0.35534852420935514,0.4132443871504728,0.04644952591881317,-0.1097433124837553
-0.04156039821380358,0.38823248529714005,0.043696079386286675,0.28176526775788685,0.36432439433266267,0.3102142585231638,-0.10705028504246535
0.022563966168460934,0.2856088839512825,0.41491329532600457,0.4445562774144962,0.008720619826646256,0.13180980743285287,0.079003026293502
0.016607480744849714,0.28890719891484007,0.21308515243849327,0.42535928487875424,0.07530615222368227,0.28624941045907015,0.05748378997556593
0.013219061031668693,0.2912020636881415,0.30457063899886266,0.4184047513421804,0.07100259339382892,0.2060220162651281,0.0453948054634168
-0.019775278698717147,0.3249561245154096,0.5234147080910542,0.3060481236164062,0.14197998834245057,0.028557179950088957,-0.06085522692704132
0.0012161087407197525,0.29159716737755187,0.23277105425377498,0.29386336767121163,0.06536172070545093,0.40800385736956246,0.004170509445124921
-0.03153667980055063,0.3788988252934123,0.19623274390334347,0.37363311480309225,0.33934898856836254,0.09078515272520185,-0.08323245598908681
-0.045098477703496925,0.3506782344601591,0.3100098489820025,0.180428022264996,0.24965649780417143,0.2599056309488302,-0.1286035837750877
0.02383291534440596,0.29390428885125935,0.07760235810934561,0.491601751803108,0.11115047241718219,0.31964541767036425,0.0810907368434744
-0.03711426682954617,0.3797082931175599,0.08229080431775881,0.30366719919119844,0.3450531303601058,0.2689888661309368,-0.0977441565071516
-0.043540066575160775,0.35736237143894584,0.33662160427690596,0.22355469808110628,0.26743300887599136,0.17239068876599645,-0.121837300328637
-0.07691042215759916,0.46620353622288857,0.016806070326493706,0.19911185377717888,0.5268523755605876,0.25722970033573994,-0.16497176915627007
0.05384805452292034,0.27483604413557017,0.03270056553067522,0.6054121674157592,0.0217308548823615,0.340156412171204,0.19592792019797214
-0.025823040161446726,0.34974726243179655,0.18936564165256425,0.32525457968826454,0.26781866723268116,0.21756111142648998,-0.07383343040885823
-2.0753696079066006e-05,0.3027192375151096,0.49586817309859693,0.3599527348299771,0.06645647783671949,0.07772261423470644,-6.85575725197515e-05
-0.03167831431730238,0.3523344840854567,0.2818844832596288,0.3004137783457554,0.26485177379294195,0.15284996460167402,-0.08990977536453396
-0.15501630902801256,0.6625431334545979,0.03792062723654997,0.04043003474536678,0.8868010308253558,0.03484830719272752,-0.23397164833591225
-0.005862574694564568,0.3006763728352654,0.23206338352533804,0.2910866274762147,0.10752822737134259,0.3693217616271047,-0.019497956022559035
-0.025259950083152457,0.3625099604148751,0.19701271569841974,0.37480291931349646,0.30092721547138945,0.12725714951669426,-0.06968070630181766
-0.02678774532711997,0.3588464681839142,0.05821662912949813,0.3164433889677571,0.29579070493823206,0.32954927696451275,-0.07464960004396881
-0.0022981078048422508,0.2949712315766871,0.27525274407164835,0.2938442602555592,0.07795156125362142,0.35295143441917104,-0.007790955723235624
-0.008521643781044228,0.3096429902627935,0.32478171275065115,0.3314316456117639,0.1349646890954901,0.20882195254209468,-0.02752086773807449
-0.08067265203325781,0.41540310494014665,0.20859378929995198,0.06507503424802463,0.4046533055788324,0.321677870873191,-0.19420329572375616
-0.06984263291742103,0.3922179261031596,0.25297155156554063,0.09633595651438699,0.35152432157136565,0.2991681703487068,-0.178070986227823
0.03903152666700903,0.2812813105406817,0.06572238139167946,0.5404797156739605,0.05672576386423022,0.3370721390701299,0.13876331346715587
-0.07363369066782914,0.4084666170885874,0.2624079555037673,0.11781905360275713,0.38970902635777055,0.23006396453570502,-0.1802685643998653
-0.0037270157608421802,0.30454059648519577,0.2075107984168241,0.3308727985866196,0.13034418380100213,0.33127221919555405,-0.012238157420905152
-0.03319105230939031,0.3490443190007666,0.24089403517929694,0.26843752714177227,0.25856272548924475,0.232105712189686,-0.0950912262500322
0.020704578680494502,0.3428361017523338,0.011685859825364714,0.6471524741752104,0.2653556501210663,0.07580601587835857,0.06039206073884125
-0.031767282590289166,0.3191241633391678,0.557038636487619,0.16572054043932738,0.10094649758359905,0.1762943254894546,-0.09954521230197988
-0.08378400454610141,0.39819384702440935,0.31062247564970513,0.0017488300005908434,0.35273647026574645,0.3348922240839575,-0.21041009340600242
-0.05016453689368715,0.37112651638468397,0.2076711262807036,0.19037623464240344,0.3113943772056703,0.2905582618712227,-0.13516829080919152
-0.08643016512890744,0.41307472349734714,0.42117747613875517,0.04687080615244283,0.37987266660532637,0.15207905110347555,-0.20923615077953933
-0.030750531013973008,0.3962528971282278,0.11075811920725306,0.41439427175882826,0.3846982618916178,0.09014934714230079,-0.07760329637166566
-0.0827516243905953,0.47896966879189967,0.02887116549100972,0.18737083207352045,0.5515689717107737,0.2321890307246961,-0.1727700724751922
-0.013262247391083082,0.30632882816675516,0.5006695080232909,0.2650766049706712,0.07467074914287217,0.15958313786316583,-0.04329415377080853
-0.06115383656845104,0.39002841530319854,0.32290332490731044,0.17918349693520946,0.3460216610176277,0.15189151713985238,-0.15679328523003008
-0.06941897806972194,0.3927776797339156,0.24888246506953707,0.10117851757123182,0.3535214281441839,0.2964175892150472,-0.1767386021444735
0.00990338726099077,0.2959871126520587,0.11868105282153035,0.38598989038452036,0.10740193387252259,0.3879271229214268,0.03345884613777927
-0.09514555048007192,0.4441641492508668,0.2481352397199037,0.03444752727500051,0.4625906805100044,0.2548265524950914,-0.21421258478548005
-0.0052334914117213695,0.30990523564146716,0.24837685167658394,0.3531810281762483,0.14802179276792474,0.25042032737924297,-0.016887392692442455
-0.012806632147466112,0.3040176201884978,0.12580132342395164,0.20058323679923584,0.10419770019909712,0.5694177395777154,-0.042124637840154494
-0.014564605905978203,0.33235170290080496,0.11966971984008012,0.34167812313638035,0.22556824176844006,0.31308391525509943,-0.04382287131029148
-0.019818358470502867,0.32075870723349165,0.40957036942073666,0.2898524501602727,0.15469958627215447,0.1458775941468361,-0.06178587836768023
-0.0732661972029492,0.47714884447980027,0.12766764139237077,0.28595630111768383,0.5469306229152324,0.039445434574712994,-0.15354998351264135
-0.047394266052834734,0.3555258920807029,0.2280439823301303,0.16196138878810587,0.2676815346538054,0.34231309422795836,-0.13330749492100685
0.012391898014785647,0.2991403486520994,0.09402208462823212,0.42180985785091607,0.12497379562353675,0.359194261897315,0.04142503032647542
-0.05223255622012494,0.36877766616035856,0.20526686223257387,0.1625591683861647,0.30332102497057933,0.32885294441068214,-0.14163698350813966
-0.03012789341855344,0.3353634790405905,0.28338045029554715,0.2494754362648312,0.21547918909147779,0.2516649243481439,-0.08983653647899727
-0.02873716774975626,0.34909426242597424,0.3853209041881248,0.32528506216529207,0.24304229398830546,0.04635173965827769,-0.0823192210323136
-0.005014222188931622,0.32066495342462203,0.14287443883453022,0.3836670833523009,0.19335784609574516,0.2801006317174238,-0.01563695107738147
-0.07149337836243501,0.4167646671071109,0.33215975377946094,0.17403307300455967,0.4045095972711396,0.08929757594483992,-0.1715437607959717
0.009096909102137708,0.35201579208485106,0.058182585896296726,0.5942994113635884,0.2867146930292862,0.06080330971082878,0.025842332380204575
-0.03659336539022394,0.3613036670263233,0.2952488530415191,0.2913588125635801,0.2855821598821959,0.12781017451270488,-0.10128146689293877
-0.051949377027107814,0.38474762973576004,0.352952870036353,0.24524080373766724,0.33307153798301814,0.0687347882429617,-0.13502195468438885
-0.011716466514313927,0.3163722910628584,0.4407882854156826,0.3391393003842209,0.13540841639634546,0.0846639978037509,-0.037033794821133816
-0.0008945226520256321,0.33162800301006035,0.2930178906377506,0.4834471870682089,0.21185301189629538,0.01168191039774497,-0.002697367664691741
0.013906604819749884,0.2902704207389489,0.18889466623394502,0.4048344438171763,0.0815954902348012,0.32467539971407733,0.047909135158682316
-0.06618581775448615,0.413522673143627,0.2674865518557052,0.19878301368022677,0.404715613042589,0.12901482142147888,-0.1600536610274284
-0.05759158827639705,0.42068954145801735,0.08383899049212966,0.2533729943180194,0.4335783631633026,0.22920965202654842,-0.13689807471038448
-0.020305660101997282,0.32766851296226995,0.32242697103913953,0.30989486082061696,0.19234423434429856,0.17533393379594506,-0.061970129257843634
-0.03710714975916891,0.3650664029522079,0.28147033249963577,0.2975273663789456,0.29657720622842915,0.12442509489298967,-0.10164493215232061
-0.06204744586214323,0.4119209023351254,0.33940101418333757,0.24034262051787839,0.3952506163324515,0.025005748966332602,-0.15062951530355567
-0.07939550044511101,0.39568951900541877,0.19278516003461754,0.004433814935850889,0.35328095646861873,0.44950006856091285,-0.20065100699324748
-0.0011731521605583793,0.2982906078386372,0.2779225340890346,0.32955278827149026,0.09794931168393266,0.29457536595554246,-0.003932916859363557
-0.020145857373628822,0.343822279067093,0.32996835485363774,0.37336315498934464,0.23875114022953758,0.05791734992748,-0.05859381023327342
-0.04927817782096762,0.3645550256923131,0.35663461581049305,0.2017880545481644,0.28201400458560216,0.1595633250557403,-0.1351734974093012
-0.034929701968045755,0.36428167466544803,0.15474261054601324,0.2892914580015733,0.30442311117889514,0.2515428202735184,-0.09588651968322255
-0.033923212130870774,0.3370600399327222,0.3709140423677133,0.23407102496372323,0.2080493399633162,0.18696559270524726,-0.1006444197230912
-0.028169977975904745,0.3685975286757742,0.06004047125537505,0.33872170110675165,0.3212332171954964,0.28000461044237684,-0.07642476084174624
-0.09615289461507935,0.45401859059946587,0.1541787869616554,0.032330193958981165,0.4878453333829039,0.3256456856964596,-0.21178184463354985
-0.016050885763640225,0.3290577720263772,0.3582850806028447,0.35505526058528547,0.19284452462515791,0.09381513418671189,-0.04877832140173121
-0.09683756536616343,0.452265028387058,0.10514964468704878,0.007128431857167646,0.4833901694822416,0.4043317539735419,-0.21411685469363284
0.007447432154924154,0.2872031945822442,0.3183403246816951,0.32986828122488177,0.035552283154650706,0.3162391109387725,0.025930882021548994
0.03338493620729853,0.28919097219367595,0.34378525213317424,0.5700528853200791,0.05382126309798884,0.032340599448757744,0.11544252558803976
-0.005265783339671398,0.3263859929628931,0.36826742866303347,0.4338286543072563,0.18426439041310091,0.013639526616609325,-0.016133606996639915
-0.11441777951276168,0.5041116692563734,0.15791498652298597,0.01551553188990945,0.587967269208248,0.2386022123788565,-0.22696911515962712
-0.046910269380179476,0.3694963660523986,0.2604625287327252,0.2244834693635791,0.30587843839236917,0.20917556351132655,-0.12695732269671928
-0.03098483549328491,0.3284829367166664,0.4025742393351598,0.22573436471315234,0.17633163213833494,0.19535976381335296,-0.09432707769539622
-0.0005348224351997633,0.29465244796434614,0.24302500649024555,0.30400118785667507,0.08187125787456925,0.37110254777851015,-0.001815095849006754
0.005588567983717943,0.3170107659940964,0.3399664389199726,0.48332683021725537,0.16102062360317976,0.015686107259592078,0.01762895328236902
-0.05236588207767561,0.34871499752947105,0.5741968350421425,0.12608242382213034,0.19504117777178248,0.10467956336394478,-0.15016813859074127
-0.01630358599654468,0.3366805278831318,0.30214768582825274,0.3768954667375906,0.22361481049781373,0.09734203693634298,-0.04842449932894237
-0.01600321395087193,0.3295823905142278,0.17124614543424446,0.330189831458185,0.21435037753388966,0.28421364557368084,-0.04855603458031561
-0.02148789851001221,0.32514265397540637,0.33698140390763176,0.29022713368939673,0.18132479281547856,0.19146666958749295,-0.06608760261776526
-0.01982793767457068,0.3338754528205532,0.02987110501112009,0.2693980295301105,0.22222796354755317,0.4785029019112163,-0.05938722810277259
0.04682574598085042,0.2882039193408056,0.03730945879730852,0.6452233132843723,0.09529791792467396,0.22216930999364515,0.1624743552688409
-0.09547692846469706,0.4394072991313963,0.3270937305399693,0.03332537057442135,0.4464726344279889,0.1931082644576204,-0.21728571339946384
-0.0037464796591316716,0.3235503363598433,0.1501890183518831,0.4086246362098881,0.20313617689045774,0.2380501685477711,-0.01157927913561167
-0.0034899076780372422,0.30906407710780387,0.13585071163732446,0.3398213659519406,0.15149897104799756,0.37282895136273725,-0.011291858020820505
0.010545995360135924,0.3121781130033514,0.0018146477198501627,0.4421179414655864,0.17240958024514386,0.38365783056941954,0.033781981890648134
-0.060298973750122165,0.35064208298317695,0.3835221758766599,0.04940215315255225,0.227079017340322,0.33999665363046594,-0.17196730420123355
-0.03342960869594935,0.37795841896639776,0.15912396696184877,0.3477703123653038,0.33930563995070545,0.153800080722142,-0.08844784774835615
-0.05925072188327066,0.43168285194154554,0.13626874216587703,0.2830880603726908,0.4553971337604064,0.12524606370102584,-0.13725521321216122
-0.04360296137728745,0.3767685622849321,0.3062313354201744,0.2841371395300727,0.32131799773995573,0.08831352730979727,-0.11572876758308887
-0.03777453914966406,0.38190343662700194,0.007384408651219292,0.28324080345212094,0.3498125042269749,0.35956228366968485,-0.09891123128739415
0.002957061644126767,0.2909511546352625,0.4225307896343885,0.310528073538404,0.025762740462204944,0.24117839636500252,0.010163429830116161
-0.017186020795772618,0.3074686936243181,0.2879304308478685,0.23213008968689014,0.12034139538561274,0.35959808407962857,-0.05589518917581712
-0.05140568972033261,0.37462201446062504,0.12140362564428955,0.16907571102430463,0.3215935019205562,0.38792716141084943,-0.13722015187587341
-0.032758760884835314,0.32346356368060447,0.6222341227231516,0.171409957442276,0.09722985122702128,0.10912606860755102,-0.10127496436409167
-0.06420427463623944,0.38883135334267166,0.21235195626333475,0.12649151760494076,0.34856941926357354,0.3125871068681509,-0.16512113563963837
-0.04335219714576741,0.3459952001859964,0.3150991443963367,0.17836085597744086,0.236048971674006,0.2704910279522164,-0.12529710563170413
-0.07912537772649562,0.4864387298862838,0.0402828872373008,0.24109381962098575,0.5679703247023501,0.15065296843936335,-0.16266257776183446
0.016526514948550942,0.32409228585036215,0.11081954735576886,0.5714126017456308,0.21113288408941774,0.1066349668091825,0.050993237636583116
-0.016528259989499628,0.3141457731413843,0.2843085924358798,0.27647475299000124,0.1513087899356944,0.2879078646384246,-0.052613345149358184
-0.04959245314531277,0.38390698534582757,0.2503089156082726,0.2468758905741327,0.34214538079732715,0.16066981302026748,-0.12917830369936967
-0.0694516819016969,0.4000907107298961,0.007134517014607226,0.05321323424372872,0.36967288734889864,0.5699793613927654,-0.17358983860183694
-0.03067052680806553,0.3079880412144868,0.5060269067995018,0.09608347855674684,0.05146718347186105,0.3464224311718903,-0.09958349904471188
0.009520324081955436,0.29505406648376925,0.22969041578156535,0.40281637840757145,0.0984500396967982,0.26904316611406504,0.03226637136512451
-0.045713463918433186,0.40791524406525,0.12979117155285355,0.3278787062339844,0.4069919294017959,0.1353381928113662,-0.11206608378460324
-0.02296945308400196,0.32406997775558144,0.048618994423822975,0.1924433229606377,0.1782309887788796,0.5807066938366597,-0.07087806541995036
-0.027826132298291804,0.3485658748748462,0.28515686807346696,0.3204497968964277,0.25559056682496667,0.13880276820513876,-0.07983033998460944
-0.040848401318968844,0.4028558137499906,0.22780415819228564,0.3723004767973765,0.3894819187023597,0.010413446307978188,-0.10139707539213787
-0.021444497062903925,0.34195819320966386,0.395443536723293,0.36083139351162524,0.2228051955724155,0.02091987419266625,-0.06271087369371998
-0.06390439018861988,0.37775391629739197,0.3493982852619067,0.11802099822186551,0.3100932576578364,0.22248745885839133,-0.16916936511204894
-0.05667177925030708,0.37324207091131484,0.2510518650172156,0.1488177903895235,0.31035001525505423,0.28978032933820674,-0.15183652558763325
-0.044417897571669834,0.3851025192103554,0.05080117294061457,0.2482130123347911,0.3546572150227341,0.3463285997018603,-0.11534044924647026
-0.054213413231320944,0.378909975360542,0.04540712163574631,0.1338258226431947,0.32853017773714144,0.4922368779839176,-0.14307729211862413
-0.0019346846724819702,0.2964254965756107,0.24955217659668227,0.3044847978655825,0.08954595845490423,0.356417067082831,-0.006526714789490049
-0.11466276419563322,0.5232747458481812,0.0602997692996634,0.04022636687651714,0.6300055448681515,0.2694683189556678,-0.21912535452054963
-0.050943005959514856,0.36455965232140136,0.3883182651771621,0.1911186360805605,0.2772033256234367,0.14335977311884066,-0.1397384642955571
-0.04416739473602081,0.3749108166468737,0.14216682098673566,0.24126419674038246,0.32768437642030346,0.2888846058525784,-0.11780773659998672
-0.0600834961527226,0.370649482966178,0.314614439846163,0.12100940167502061,0.2961970910881625,0.2681790673906539,-0.162103277932281
-0.0907636846371405,0.4526005735378783,0.20151142295113406,0.0873471162335473,0.48637080198533233,0.2247706588299862,-0.20053815647572187
-0.032434572512230336,0.3329485238040824,0.479003524817378,0.23510982693022403,0.1758588883135802,0.11002775993881786,-0.09741617755697238
-0.014462194108692499,0.3150250381128758,0.33381700923347796,0.30580896618394526,0.1502357241770791,0.21013830040549772,-0.04590807827633875
-0.08417806590054848,0.42329341125736264,0.338073762605079,0.08546048041439674,0.4138787304279487,0.16258702655257556,-0.19886457871031724
-0.04739638396299353,0.3349155032414826,0.37864292895245366,0.09952667999557889,0.1864052050831033,0.3354251859688641,-0.14151743799336614
-0.08505751810987351,0.40856529344530396,0.32796383657574424,0.02917404875019905,0.3780756485325352,0.2647864661415214,-0.2081858627604169
-0.01683847171043716,0.34724193348688487,0.10252501065627188,0.37426996817808567,0.26870504384147953,0.2544999773241629,-0.048492045708163706
-0.0656729875360604,0.37922757942655816,0.2546320867112101,0.08890084879876047,0.31940246447641674,0.33706460001361277,-0.1731756631080645
-0.0057284018462538605,0.29317056908426725,0.38006685543868685,0.2458462089269761,0.039261288327966194,0.33482564730637093,-0.019539484690249798
-0.10213144987870834,0.5158712034399086,0.13424984652523178,0.14627766837421297,0.6175868677306152,0.10188561736994005,-0.1979785830216537
-0.07735982732671341,0.4009596226035623,0.23025663897806986,0.05238562143319152,0.3694279944274394,0.3479297451612992,-0.19293670226540688
-0.05551797519505046,0.44371193716456625,0.0848706599730253,0.3355719242918915,0.4839523268899038,0.09560508884517939,-0.12512166237812902
-0.0013517636051613878,0.2953040869719387,0.28311372106252825,0.30737091165226527,0.08077945397861544,0.3287359133065909,-0.004577530975010987
-0.008958216937723737,0.30621905337236816,0.277929704680421,0.3036695529301919,0.12650535133686283,0.29189539105252443,-0.02925427676386412
-0.08217053728866881,0.41022271497546764,0.4247238139217503,0.07555592693569065,0.3746950066726169,0.12502525246994217,-0.20030713631638564
0.023172427862002274,0.313026136272377,0.03998750513477872,0.567621937423871,0.1822804676760201,0.21011008976533024,0.07402713440464595
-0.026941793554974308,0.30384194575853585,0.4751155543284868,0.09883581700956375,0.037114111179394026,0.38893451748255553,-0.08867042201074185
-0.010105480430754236,0.33171079298424094,0.18374225183076795,0.3929566429218647,0.22333454191591426,0.19996656333145316,-0.03046473206325346
-0.04532975101583747,0.33768832051968095,0.4912291282849166,0.14109798217500652,0.18095250438975732,0.18672038515031947,-0.13423547176899056
-0.001826379717007759,0.30720401746053344,0.06659222953662321,0.32051347880078296,0.1413880359588363,0.4715062557037576,-0.005945168725673956
-0.009962049636173285,0.3098526742562515,0.3464858763099237,0.3211495700100938,0.13124222233289856,0.20112233134708388,-0.03215092353191879
-0.05103054929493885,0.33160695793167705,0.46328322069793854,0.05365134543114089,0.15505214981691393,0.32801328405400676,-0.1538886566591675
-0.0633453245285458,0.4487278613840649,0.05108020764341998,0.2756178332282969,0.49384985848083096,0.17945210064745212,-0.14116646185766638
-0.014631533383503995,0.30450636421293514,0.3278766433750716,0.2441667640423471,0.10494863711003109,0.32300795547255023,-0.04805000848281929
-0.08513863371959023,0.4285553882673492,0.10862752976174025,0.0398094387378053,0.43490897959110436,0.4166540519093501,-0.1986642474939027
-0.07274782611592065,0.3940523077744367,0.23364208250675825,0.0716958117651392,0.3548411291811644,0.33982097654693816,-0.18461464298177116
-0.04309846982858668,0.36956440149302794,0.1462498677491562,0.23330494100943167,0.3139686753928771,0.30647651584853497,-0.1166196464120199
0.005037458841457939,0.29846542629951023,0.20466820816911765,0.37753708890618065,0.11236308508084532,0.3054316178438563,0.016877863891688567
-0.08208288862116958,0.4303162550341918,0.33442976772862,0.12383758764843293,0.43127160669719844,0.1104610379257488,-0.19075014634213036
-0.020197760687241065,0.324033173904466,0.3450883828712484,0.2975159059683492,0.17713254122197974,0.1802631699384227,-0.06233238542790661
-0.024685508197804885,0.3733936829405425,0.08035662199866772,0.3894731488558355,0.33426914304886984,0.19590108609662701,-0.06611121003280522
-0.052955068366445535,0.3525186922569094,0.3483643652678602,0.12187083775214452,0.24499273213922418,0.28477206484077106,-0.15021917852756816
-0.03654087731677311,0.32265636098589523,0.13051000705191423,0.06531507165463177,0.14666616507443253,0.6575087562190216,-0.11325013771654877
-0.006510885071586044,0.32075538470333875,0.3091239608005678,0.39795171949263214,0.17727224007308948,0.1156520796337106,-0.02029859943772371
-0.07305265776028823,0.38172627382835006,0.4613283875905586,0.06492530095378023,0.3015713434504429,0.17217496800521828,-0.19137445538563488
-0.03502183618927043,0.3862057285723242,0.18128768149494698,0.36394497485809074,0.35687919340896673,0.09788815023799559,-0.09068181437581121
-0.03168631132036563,0.3601019520813008,0.2563103142176809,0.32301155482484917,0.2879777530236639,0.13270037793380596,-0.08799261191789308
-0.06825502637406486,0.3932467664340179,0.26346710069141943,0.11637717840235803,0.3548095520067747,0.26534616889944784,-0.17356792782558642
-0.08357481761128552,0.40939216950999696,0.1594271183762312,0.004583632034458596,0.386784148462599,0.44920510112671114,-0.204143664279941
-0.015995403273984177,0.31957081072136695,0.13077512690522,0.2729063015254925,0.17890080133447067,0.41741777023481685,-0.05005276682772674
-0.013212787204935846,0.2995749117788427,0.4965094635496258,0.21044930745344745,0.03305046264479046,0.25999076635213625,-0.04410511923872322
-0.02246613088721406,0.30035632742175056,0.3093262079721691,0.10628327611172105,0.051313293206954595,0.5330772227091553,-0.07479826071940163
0.0038178183088271034,0.29741136854590067,0.11874505026340311,0.3337967729634113,0.1050076541332265,0.44245052263995893,0.012836827077233548
-0.036421793965957995,0.3100644019125167,0.5704488742958037,0.019779499929221782,0.014235469759264475,0.3955361560157101,-0.11746525477063388
-0.029849718537594938,0.3248262433764351,0.15420206023570296,0.1689513572110776,0.17983532525703189,0.49701125729618756,-0.09189441785035408
-0.021383398934197967,0.3348055777625632,0.174156262475248,0.3040943019323171,0.22710373124865804,0.2946457043437767,-0.06386810840219218
-0.01627036842407134,0.35026147012142245,0.12742672724939771,0.39569862584652316,0.27626277884750783,0.20061186805657136,-0.04645206456317053
-0.08226291990365986,0.4619348506549994,0.11054296587212724,0.16577807141649012,0.5139173068743527,0.20976165583703002,-0.1780833807776472
-0.04221974226791664,0.370565256187882,0.34001376098836206,0.2803521919531281,0.3023543076750862,0.07727973938342361,-0.11393335333766588
-0.047681475651794626,0.3542879318477996,0.3182347969808625,0.17248085782710412,0.257822786567298,0.25146155862473546,-0.13458396791307686
-0.11896922185419492,0.5365251685234061,0.16213357836623704,0.06328887580315444,0.6523607922535535,0.12221675357705504,-0.22174024413731644
-0.013588978489631101,0.31307921263147587,0.6261175897323248,0.27578249840909513,0.05746971415584051,0.04063019770273961,-0.04340428217962406
-0.04198256280063495,0.33341358430852736,0.2825174392820227,0.12822677539994184,0.19590001061350926,0.3933557747045263,-0.12591737342587095
-0.08522135255148923,0.40243487689481183,0.4547460577943554,0.02722460565222542,0.3497838909102293,0.16824544564319002,-0.2117643311858488
-0.04967995391882829,0.33868331300671156,0.3441847581872447,0.09038097911114457,0.20113884544898739,0.3642954172526233,-0.14668556734545643
-0.02407585523855761,0.34431689992583303,0.013007393644398728,0.2689962714915994,0.2521150756702732,0.4658812591937287,-0.06992353626482938
-0.020665734822231958,0.34506103877024563,0.12548399929812448,0.3386193561062989,0.25998821796609517,0.27590842662948145,-0.05989008465250684
